%YAML:1.0
---
K: !!opencv-matrix
   rows: 3
   cols: 3
   dt: d
   data: [ 2.4252671262824929e+03, 0., 5.7366377907687649e+02, 0.,
       2.3816163387530323e+03, 3.6566833640592404e+02, 0., 0., 1. ]
D: !!opencv-matrix
   rows: 1
   cols: 5
   dt: d
   data: [ -1.1470164309727278e+00, 1.7801261547114723e+02,
       3.9802188564877751e-02, -2.1778264339204176e-01,
       -1.0246024460587955e+00 ]
board_width: 4
board_height: 5
square_size: 3.2999999821186066e-02
