%YAML:1.0
---
K: !!opencv-matrix
   rows: 3
   cols: 3
   dt: d
   data: [ 2.5510585133256277e+03, 0., 5.7716160652623444e+02, 0.,
       2.5663777496891971e+03, 4.9545533001469084e+02, 0., 0., 1. ]
D: !!opencv-matrix
   rows: 1
   cols: 5
   dt: d
   data: [ -1.6831754027209216e+00, 1.1993815676635060e+02,
       -2.2793896512022334e-03, -2.1482205533596974e-01,
       -2.0878402735373188e+03 ]
board_width: 4
board_height: 5
square_size: 3.2999999821186066e-02
