%YAML:1.0
---
K1: !!opencv-matrix
   rows: 3
   cols: 3
   dt: d
   data: [ 2.5510585133256277e+03, 0., 5.7716160652623444e+02, 0.,
       2.5663777496891971e+03, 4.9545533001469084e+02, 0., 0., 1. ]
K2: !!opencv-matrix
   rows: 3
   cols: 3
   dt: d
   data: [ 2.4252671262824929e+03, 0., 5.7366377907687649e+02, 0.,
       2.3816163387530323e+03, 3.6566833640592404e+02, 0., 0., 1. ]
D1: !!opencv-matrix
   rows: 1
   cols: 5
   dt: d
   data: [ -1.6831754027209216e+00, 1.1993815676635060e+02,
       -2.2793896512022334e-03, -2.1482205533596974e-01,
       -2.0878402735373188e+03 ]
D2: !!opencv-matrix
   rows: 1
   cols: 5
   dt: d
   data: [ -1.1470164309727278e+00, 1.7801261547114723e+02,
       3.9802188564877751e-02, -2.1778264339204176e-01,
       -1.0246024460587955e+00 ]
R: !!opencv-matrix
   rows: 3
   cols: 3
   dt: d
   data: [ 7.8207807392554285e-01, -2.1946502414789429e-01,
       -5.8325722409643344e-01, -1.1180971655127905e-01,
       8.7133286446311831e-01, -4.7778407946604873e-01,
       6.1306808232824805e-01, 4.3887827752380404e-01,
       6.5691200624444601e-01 ]
T: !!opencv-matrix
   rows: 3
   cols: 1
   dt: d
   data: [ 5.7767099806314615e-01, 5.9267765885111401e-01,
       5.0284796620452066e-01 ]
C: [ 5.7767099806314615e-01, 5.9267765885111401e-01,
    5.0284796620452066e-01 ]
E: !!opencv-matrix
   rows: 3
   cols: 3
   dt: d
   data: [ 4.1957504432036269e-01, -1.7803460873902061e-01,
       6.2958982257654839e-01, 3.9114717887389905e-02,
       -3.6388479365120496e-01, -6.7276872319787873e-01,
       -5.2810943244631403e-01, 6.3341574217130681e-01,
       6.9681520041639800e-02 ]
F: !!opencv-matrix
   rows: 3
   cols: 3
   dt: d
   data: [ 2.5934209111863635e-06, -1.0938748377213389e-06,
       8.9726793136626244e-03, 2.4620186616483591e-07,
       -2.2767475832568285e-06, -9.8168968014099821e-03,
       -9.4945286449381536e-03, 1.0898738877201945e-02, 1. ]
R1: !!opencv-matrix
   rows: 3
   cols: 3
   dt: d
   data: [ 7.1642538444608606e-01, 6.3023631364200305e-01,
       -2.9922710019016757e-01, -6.6342457250217812e-01,
       7.4813585374519809e-01, -1.2672053552827120e-02,
       2.1587613374706316e-01, 2.0759319186303396e-01,
       9.5409777359059900e-01 ]
R2: !!opencv-matrix
   rows: 3
   cols: 3
   dt: d
   data: [ 5.9651212481798210e-01, 6.1200823790495928e-01,
       5.1924868962916326e-01, -6.7564839828665224e-01,
       7.3210717529766811e-01, -8.6708279710479827e-02,
       -4.3321187291880325e-01, -2.9910700529097695e-01,
       8.5021319241002502e-01 ]
P1: !!opencv-matrix
   rows: 3
   cols: 4
   dt: d
   data: [ 2.1219308262223640e+03, 0., 3.4481181335449219e+02, 0., 0.,
       2.1219308262223640e+03, 4.3338720142841339e+02, 0., 0., 0., 1.,
       0. ]
P2: !!opencv-matrix
   rows: 3
   cols: 4
   dt: d
   data: [ 2.1219308262223640e+03, 0., 3.4481181335449219e+02,
       2.0549086048818531e+03, 0., 2.1219308262223640e+03,
       4.3338720142841339e+02, 0., 0., 0., 1., 0. ]
Q: !!opencv-matrix
   rows: 4
   cols: 4
   dt: d
   data: [ 1., 0., 0., -3.4481181335449219e+02, 0., 1., 0.,
       -4.3338720142841339e+02, 0., 0., 0., 2.1219308262223640e+03, 0.,
       0., -1.0326156701963709e+00, 0. ]
